0000000001.0110111010
0000000011.1101010110
0000000010.0100100101
0000000010.0100011101
0000001101.0011111001
0000000101.1010111011
0000001010.1011110101
0000000111.1000111110
0000000010.1000111111
0000000101.1111001101
0000001110.0010110110
0000000010.1011101100
0000001111.1000111110
0000001010.1110110101
0000001101.0001101111
0000010000.0110101111
0000001101.0111010011
0000000101.1001001001
0000001001.1001010010
0000100000.1111101101
0000001110.1001101101
0000010011.1100100111
0000001111.1011100011
0000010100.1111101111
0000011101.0100111101
0000011010.1001001011
0000011010.1001011010
0000011101.1011111001
0000011110.1011010111
0000011111.0101011000
0000100011.1001101111
0000100000.0010100110
0000011111.1011100011
0000100100.0110010110
0000011110.1111110011
0000100100.1001110101
0000100001.0011111110
0000100000.1001110010
0000101011.1111110011
0000100001.1011011011
0000100110.1001011111
0000100101.1011000111
0000101010.1101100011
0000101101.1011011011
0000101011.1101011110
0000101100.1101011110
0000100101.1001000110
0000101101.0101010110
0000101111.0011011011
0000111010.1111111001
0000110001.1111101111
0000110001.1010010101
0000111001.0111110111
0000111000.1110001110
0000110101.0110001101
0000101111.0001111101
0000110101.0010111110
0000111110.1100011001
0000111111.1101001011
0000111101.0011001100
0000111111.1011001101
0000111101.1111100101
0001000011.1110101001
0000111011.0011011011
0001000010.0010010101
0001001010.0010010101
0001000011.1101011001
0000111100.0101101010
0000111110.0100100011
0001001000.1111010111
0001001100.0011010110
0000110111.1110010110
0001000101.0011101101
0000111111.1001011010
0001001111.0010101001
0001001110.1010110011
0001001011.1111110110
0001001110.1010111001
0001000101.0101110101
0001010001.0110101001
0001000110.1101110110
0001010000.1001100011
0001011100.0101011001
0001010101.0111001001
0001011000.1011010011
0001010010.1100100101
0001010010.0101011001
0001010111.1101110110
0001011010.0110100011
0001011010.1110111111
0001010111.1011111101
0001011001.1011011100
0001100001.0001100110
0001011000.1011111100
0001010101.1111110011
0001010111.1111010101
0001011000.0101111011
0001011111.0111101110
0001011110.0010010001
0001100010.1111010010
0001100110.1011111011
0001100011.1110100101
0001110000.1010100011
0001101100.0011111011
0001101000.1100110010
0001100101.0011010011
0001101101.1011011111
0001101010.0111111111
0001110001.0110100011
0001110001.1011111011
0001101000.1110010010
0001101010.0101011110
0001101011.0100011011
0001110011.1001111110
0001110001.1011011111
0001110001.0011001000
0001110110.1011001101
0001110110.1001101111
0001111100.1101010001
0001110010.1000111110
0010000010.1111111100
0001101111.1110101010
0001110111.0011010101
0001111100.1110110010
0010000100.0111001011
0001110100.0101011101
0001111011.1011111000
0001111111.0110011111
0010000100.1011111011
0001111101.0011000111
0001111110.1100011111
0001111101.0010110111
0010000000.1001100011
0010001011.1111010101
0010001010.0111110111
0010000110.0011100111
0010001000.0011011111
0010001010.0110111100
0010001000.1011011111
0010000110.1010111001
0010001100.1110001111
0010000101.0110101110
0010010010.0110100011
0010000111.1001101111
0010010111.1110010011
0010010001.1111001100
0010010101.1111010011
0010010100.0111010100
0010010100.0101001111
0010010001.0100110110
